000000000000000115115111111111111111111111111111111111111111111111111111111111111115111111111111115111111111111111111111111111111111111111112252222252222222222222222222222222222222222222222222225222222222222222222252222222222222222222222522222222222222222222222222222222333333333333333333333333333333
000000000000000111111111111111111111111111111111111111111111111111111111111111111111151111111111111111111151111111111511111111111111111111112222252222222222222222222222222222222222222522222222222222222222222222222222222222222222225222222222222222222222222222222222222222333333333333333333333333333333
000000000000000111111111111151111111111111111111111111111111111111111111111111111111111111111111111111111111111111111511111111111111111111112222222252222222222222222222222222222222222222222222222222222222222222222222222222222222222222222222222222222222252222222222222222333333333333353333333335333333
000000000000000111111111111511111111111111111111111111111111111111111111111111111111111115555511111111111111111511511111111111111111111111112222222222222222222222252222222222222225222222222222222222222252222252222222222522222222222222222222222222222222222222222222222222333333333333333333333333533333
000000000000000111111111111111111111111111111111115111111111111111111111111111111111111115555511551111111111111111511111111111115111111111112222222222222222222225222252222222222222222222222222222222222225222222222222222222222222222222222222222222222222222222222222222222333333333333333333333333333333
000000000000000111111111111111111111111111111111111111111111111111111111111111111111111115555551111111111115111111111111111111111111111111112222222222222222222222222222222222222222222222222222222222222222222222222222222222222252222222222222222225222522222222222222222222333333333333333333333333333333
000000000000000111111111111111111111111111111111111111111151111111111111111111111111111115555511111111151111111111111111111111111111111111112222222222222222222222222222222222222222222222222222222222222222222222222222525222222225222222222222222222222222222222222222222222333333333333333333333333333333
000000000000000111111111111111511151111111111111111111511111111111111111111111111111111111111111511111111111111111111111111111111111111111112222222222222222222222222222222222222222222222222222222222222522222222222222222222222222222222222222222222222222222222222222222222333533333333333333333333333335
000000000000000111111111111111111111111111111111111111111111111511111111111111111111111111111111111111111111111111111111111111111111111111112222222222222225222222222222222222222222222222522222222222222222222222252222222222522222222222222222222222222222222222222222222222333333353333333333333333333333
000000000000000111115111111111111111511111111111115111111111111151111111111511111111111111111115511111111111111111111111111111111115111111112222222222222222222522222222222222222222222222222222222222222522222222222222222222222222222222222222222222222222222222222222222222333333533333333333333333333333
000000000000000111111111111115111111111111151111111111111111111111111111111111111111111111111111111111151111111111111111111511111111111111112222252222222222222222222222222222222222222252222222222222222222222222222522222222222222222222222222252222222222222252222222222222333333333333333335333333333333
000000000000000111111111111111111111111111111111111111111111111111111111111111111111111111111111111111111111111111111111111111115111111111112222222222222222522222222222222222222222222225222222222222222222222222222222222222222225222222252222222222222222222222222222222252335353353333333333333533333353
000000000000000111111111151111111111515111111111111111111111111111111111111111111115111111511111111111111111111111111111111111111111111111112222222222222222222222222222222222222222222222222222252222222222522222222222225222222222222222222222222222222225522222222222222222333333333333333533333333333333
000000000000000111151111111111111111111151111111111111111111115555555511111111111111111111111111111111111111111111511111111111111511111111112222222222222222222222252222222222222222222222222225225222222222222222222222222222222222222222222222222222222222222222222222222222333533333333333333333333333333
555555555555555111111111111111111111111111111111111111111111111555555551111111111111111111111155111111111111111111111111111111111115111111115222222222222252222222222222222222222252222222222222222222222222222222222222222222252522222222222222222222252222222222222225222222233333333333333333333333333333
111111111111111111111111111111111151111151111111111111111111115555555551111115111111111111111111111111111111111111111111111511111111111511112222222222222222222222222222222222222222222222222252222222222222222222222222222222222222222222525252222222222222222222222222222222333535353333335333333333333333
111111111111111111111151111111111111111111111111111111111111115555555511111111111111151111111111111111111111111111111111111111115111111111112222222222222222222222222222222222222222222252222222222222222222222222222222222222222222222222222222252222222222222222222252222222333333333333333333333333333333
111111111111115111111111111111111111111111111111111111111111115555555511111111111111115111111111111111111111111111111111111111115115111111112222522222222222222222222222522222522222222222222225222522222222222222222222222222222222225222222522222222222222222222222522222222333333333333333333333353333333
111111111111111111111111511111111111111111111111111111111111111111111111111115111111111111111111111111111111111111111111111111111111111111112222222222222222222222222222222222222222222222222222222222222222222222222222222225222222222222222222222252222222222222222222222222333333333333333333333333333333
111111155111111111111111111111111111111115111111111111111111111111111111115111111111111111111111111111111111111111111111151111111111111111112222222222222222222222222222222222222222222222222522222222222222222222222222222222222222222222222522222222222222222222222222222252333333533333333333333353333333
111111111115111111111111111111111111111111111111111111111111111111111111111115111111111111511111111111111111111111115111111111111111111511112222222222222222222222222222222222222222222222222222222222222222222222222252222222225222222222222222222222222222222222222222222222335333353333333333533335333333
111111111111111111111111111111111151111111111111111111111111111111111111111111111111111111111111111111111111111151151111115111111111111111112222222222222222222222222222222222222222222222222222222222222222222222222222222222225222222222222222222222222225222222222222222222333333333333333333333533333333
111111511111111111111115111111111111111111111111111111111111111111111111111111111111111111151151111111111111111111111111111111111115111111115222222222222222222222252222222222222222222252222222222252252222222222222222222222222222222222222222222222222222222522222222222222333333333333333333333333333333
111111115111111111111111111115111111111111111111111111111111111111111111111111111111111511111111111111111111111111111111151111111111111111112222252222222222222222222222222252222222222222222225222225222222222222252222222222222222225222222252222222222222222222222222222222333333333333333333333333333333
111111111111111111115111111111111111551115111111111111111111111111111111111111111111111111111111111111111111511111111111111111111111115111112222222222222222222222222222222222222225222222222222222222222252222222522222222222522222222222222222222222222222222222222222225222333333335333333333333533333333
111111111111111151111111111111111111111111111111111111111111111111111111111111111111111111111111111111111111111111111111111111111111111111112222225222222222222225555555555222222222222222222222222222222222252222222222222222222252222222222222222222222222222222222222222222333333333333333333333333333333
111111111511111111111111111111111111111111111111111111115151111111111111111111111111111111111111111111111111111111111111111111111111111111112222222222222222222225555555555222222222222522225222222222222222222222222222252222222222252222222222222222222222222222222222222222333333333333333333333333333333
111111111111111111111111111111111111111111111111511111111111111111111111111111111111111111111111511111111111111111111111111111111111111111115222222222222222222225555555555222222222222522222222222222222222222222222252222222222222222222222222222222222222222222222222225222333333333333533333333333333355
115111111111111111515111111111111111111111111111111111111151111111111111111111111111111111111111111111111111111111111111111111111111151111112222252222222222222225555555555222222222222222222222222222222225222222222222222222222222222222222222222222222222222222222222522222333333333333333333333333333355
111115111111111111111111111111111111111111111111111111111111111111111111111111111111111111111111111511111111555551111111111111111111111111112222222222222222222225555555555222222222222222222222222222222222222222222222222222222222222222222222222222222222222222222222222222333333333333333335333333333355
111111111111111111111111111111111111111111111111111111111111111111151115111111111111111111111111111111111111555551111111111111111111111111112522222222522222222225555555555222222222222222222222222222222222222222222222222222222222222222222222225222222222222222222222222222333333333333333333333333333355
111111111111115111111111111111111111111111111111111111111111111111111115111111111151111111151151111111151111555551111111111111111111111111112222222222222222222225555555555222222222222522222222222222222222222222222222222222222222222222222522222222222222222225222222222522333333353333333333333333333355
151111111111111111111115111111111111111111111111111111111111111111111111111111111111111111111111111111111111555551111111111111111111111151112222222222222222222225555555555222222225222222222222222222222222222222222252222222222222222222222222222252222222222222522222222222333333333333333335333333333355
111111111111111111111111111111111111111111111111111111111111111115111111111155111111111111111111511111111151555551111111111111111111111111112222222222222222222225555555555222222222222222222252252222222222222222222225222222222222222222222222222222222222222222222222522222333333333333333333333333333333
111111111111111111111111111511111111111115111111111111111111111111111111111111151111111111111111111511111111555551111111111111111111111111112222222222222222222225555555555222222225222222222222222222222222222222222522222222222222222222222222222222222222222222222222222222333333333333333333333333333333
111111111111111111111111111111111551111111111111111111111111111111111111111111111111111511111111111111111151111111111111111111111111111111112222222222222222222225555555555222225222222222222222222222222222222522222222222222222222222222222222222222222222222222222222222222333333533333333333333333333333
111111115111111111115111111111111111111111111115111111111111151111111111111111111111111111111111111111151111111151111115111111111111111111512222222225222225222522222222222222222222222252222222222222222222222222252252222222222222222222222222222222222222222222222225222225333335333333333333333333333333
111111111151111151111115111111111111111111111111111111111111111151111111111111111111111111111111511111111111111111115111111111111111111111112222222222522222252222252222222522222222222222222222222222222222222222222222222222222222222222222222222222222222222222222222252222333333333333333333333333333333
111111111111111111151111111111111111111111111111111111111111111111111115111111111111111111111111111115111111111111111111111111111111111111112222222222222222252222222222222222222222222225222222222252222222222225222222222222222222222522222222222222222222222222222222222222333333333333333333333333533333
111111111111111111111111111111111111111111111111551111111111111111111111111111115511111111111111111151511111111111111111111111151111111111112222222255222222222222222222222222222225222222252222252222222222522222222222222222252222222222222222222222222222222222222222222222333533333533333333533333333333
111511115115111111111111111115111111111111111111111111111111111111111111111111111115111551111111111111111111111111111111111111111111111111112222222222222222222222222222222222252225222222222222222225222252222222222222222222222222222222222222222222222222222222222222222222333333335333333333333333333333
111111111115111111111111111111111111111111111111111111111111111111111111111111111111111111111111111111111111111151111115111111115111111111112252222222222225222225222252222222222222222222222222222222222222222252222222222222222222222222222222222222222222222522252222222222353333333333333333333333333333
111111111111111111151111111111111111111111111111115111111111111111111111115111111111111111111111111111111111111111115111111111111111551111112225222222222222222222222225222222222222222222222252522222222522222222222222225222222222222222222222222222222222222222222222222222333335333333333333333333335333
111111111111111111111111111111111151111111111111111111111111111111111111111111111111111111111111111111111115111111111111111151111111111111112222222222222222222222222222222222222222222222225222222222222222222222222222222225222222222222222222222222252222222225222222222222333333333333333333333333333333
111111111111111111111111111111111111111111111111151111111111111111511111111111111111111111111111111111111111111111511111511111111111111111112222222252222222252222222252222222222222222222222222222222222222222222222222222222222222222222222222222222222222222252222222222222333333353333333333333333333333
111111115111111111111111111111111115111111111111111111111515111111111111111111111111111111111111111111111111111111115111111511511111111111112222222222222222222222252222222222222222225222222222222222522222222225222222222222222222222222222222522222222222222222222222222222333333333333333333353333333333
111111151111111111111111111111111111111111111111111111111111111511111111111111111151111111111115111111515111151111111111111111111111111111112222222222222222222222522222222222222222222222222222222222222222222222222222222222222222222222222222222222222222222222222252222222333333333333333333333333333333
111111111151511111111111111511111111111111111111111111111111111111111111111111111111111111111111111111155111111111111111111111111111111111112222225222222222222222222222222222222222222222252222222222222222222222222222222522222222222222222222222252252222222222222222222222333333353533333333333333333333
111111111115111111111111111111111151111111111111111111111111111111111111111111111111111111111111111111111111111111111111111111111111111111112222222222222222222222222222222222222222222222222222222222222222222222222222222222222525222222222222222222222225222222222222222222333333333333333333333333333333
111111111111111111111111111111111111111111111111111111111111111111111111111111111111111511111111111111111111111111111151111111151511111111112222252222222222222222252225222552222222222222222222222222222225222222222222222222222222222522222222252222222222222222222222222222333333333333333333333333333333
111111111115111511111111111111511111111111111111111111111111115111111111111111111111111111111111111111111111111111111111111115111111111111112222222222222222222222222222222222222222222222222222222222222222222222222222222222222222222222222222222222222222222222222222222222333333333333333333333333333353
111111111111111111111111111111111111111111111151111111111111111111111115111511111111111151111111111111111511111111111111111111511111111111112222222222222222222222222222222222222222222222222222222222222222555552222222222222222222222252222222222222222222222222252222222222333333333333333333333333333333
111111111111111111151111111111111511111115111111111111111111111111115511111111111111111111111111111111111151111111111111111111111111111111112222222222222225222222222222222222225222222222225222222222222222555552222222222222222255222222225222222222225522222222222222222252333333353333333533333333333333
111111111111111111111111111111111111111111111115111111111111111111111111111111111111111111111111111111111111111111111111111111111111111511112222222222222222222222222222222222222222222222222222222222222222555552222222222222252252222522222222225252222222222222222222222222333333333333333333333333333333
111111111111111111111111111111111111111111111111111111151111111111111111111111111111111111111151111111111111111111111155111111111511111111112222222222225222222222222222222222222222222222222222222222222222555552222222222222222222222222225222222222222222222222222225222222333333333333333333333333333333
111115115111111111111111111111111111111111111111111511111111111111111111111111111111111111111111111111111111111111111111111111111111111111112222222222222222222222222222225222222222222222222222222222252222555552222222222222222222222222222222222222222222222222222222222222333333533535333333333353333333
111111111111111111111111111111111511111111111111111111111111111115111111111111111111111111111111111111155111111111111111111115111115111111512222222222222222222222222222222222222222222222222222222222222222555552222222222222222222222222222222222222222222222222222222222222353333333333333333333333335333
111111111111111111111111111111111111111111111111111151111115111111111111111111111111111111111111115111111111111111111111111111111111111111112222222222222222222252222222225222222222222222222222225222222222555552222222222222222222222222222222222225222222252222222222222225333333335333333333333333333333
111111111111111111111111151111111111111111111111111111111111111511111111111111111111111111111111111111111111111111111111111151111111111111112222225222222222222222222222222222222222222222222252225222222222555552222222222222252522222522222222222222222222222222222222222222333533333333333333335333333533
151111111111111111111111111111111111111111111111111111551111111111111111111111111111111111111111111111111111111111111111111111111111111115112222222222252222252222222222225252222222222222222222222522222222555552222222222222222222222222222222225222222222222222222222222222333333333333333333333333333333
111111111111111111111111111111111111111115511111111111111111111111111111111111111111151151111111111115111111111111111111111111111111111111112222222225222222222222222222222222222222222222522222222222222252555552222222222222222522225222222222222222222252222222222222222222333333333333333333333333333333
111111511111111111111511111111111111111111111111111111111111111111111111111111111111151111111151511111111111111111111111511111111111111151112222222222222222222222222222222222222222222222222222222222222222555552222222252222222222222222222222222222222222222222222222522222333333333333333333333333333333
111111111111111111111111151111111111511111111111111111111111111111111111111111111111111111111111115111111111111111111511111151111111111111112222222222222222222222222222252222222222222222222222222222222222555552522222222222222222222222222222222222222222222222225222222222333333333333333333333333333333
111111151111111511111111111111111111111111111111551111111111111111111111111111111111111111511511111111111111111151111111111111111111111111112222222222222222222522222222522222252222222222222222222522222222555552222222222222222222222222222222222222222222222222222222222222333333333333333333333333333333
111111111111111111111111111111111111111111111111111111111111111111111111111111111111151111111111111111111111111111111111111151115111111111112222222252225222252222222222222222222522222222222222222222222222222222222222222222222222222222222222225222222222222222222222222222335333333533333333335333333333
511115111111111111111111111111111111111111111111111111111111111111111111111111111111111111111111111111111111111111111111115111111111111111112222222222222222222222222222222222222222222522222222222222222222525222222222222222222222252222222222522222222222222222222222222222333333333333333553333333333333
111111111111511511111111111511111111111151111111115111111111111115111111111111111111111111111111111511111111111111111111111111111111111111112222222222222222222222222222222222222222222222222222222222252222222222222222222252222222222222222222222222222222222222222222522222353333333533333333333333333333
111111111111111111111111111111111111111111111111111111111111111111111111111111111111111111111111111111111111111111151111111111111111111111112222222222222222222522222222222222222222222222222222222222222222222222222222222222222222222222225222522222222222222222222222222222333333333333333333333333333533
111111111111111111111111111111111111111111111111111111111111111111111111111111111111111111111111111111111111111111111111111111111111111111112222222222222222222222222222222222222222222222252222222222222225222222222222222222522252222222222222222222222522222222222222222222333333333333333333333333333333
111111111111111111111111111111111111111111111111111111111111111111111111151111111111111111111111111111151111111111111111111111111111151115112222222222222222222225222222222222222222222222522222222222222222222222222222252222222222222222222522252222222222222222222222222222333333333333333353333353333333
111111111111111111511151111111111111111151111111111111111111511111111511111111115111111111111511111111111111111111111111111111111111111111115222222222225222222225522222222222222222222222222222222222252222222222222222222222222222222222222222222222222222222222222222222222333333333333333333333333333353
111111111111111111111111111111111111111111111111111111111511111111111111151111111111111111111111111111111111111111115111111111111111111511512222222225555555555555552222222222222222222222222222222222222222222222222222222222222222222222222222222222222222222222222222222222333333333333333333333333353333
111111111111111151111111111111111511111111111111111111111111111111111111111111111111111111111111111111111111111111111111111115111111111111112222222225555555555555552222222222222222222222222222222222222222222222222222222222222222222222522222222222222222222222222222522222333333333333333333333333533333
111111111111111111111111111111115111111511111111111111111111111111111111111111111111111111111111111111111111111111111111111511111111115111112222222525555555555555552222222222222222222222222222222222222222222225222222222222222222222222222222222222222222222222222222222222333333333333333333333333333533
111111111111115111151111111111111551111111111111111111111111111111111111111111111111111111151111111111111111111111151111111111111111111111112222222225555555555555552222222222222222222222222222222222222222222222222222222222222222222222222222222222522222222222222522222222333353333333333333333333333333
111111111111115111111111111111111111111111111111111111111111111111111111111111111111111111111111111111111111111111111111111111111151155111112222222225555555555555552222222222222222222222222222222222222222222222222222222222222222222222222222222222222222222222222252222222333333333333333333333333333333
111111111111111111111111151111111111511111111111111111111111111111511111111111111111111111111111115111111111111111511111111111111111111111112222222225555555555555552222222222222222222222222222222222222222252222222222222222222222222222222222222222222225222222522222222222333533333333533333333333333333
111111111111111111111111111115111111111111111111111115111111111111111111111111111111111111111111111111111111111111111111111111111111111151112222222525555555555555552222222222222222222222222222222222222222222222222522222222222222522222222522222222222222222222222222222522333333333333333333333333333353
111111111111111111111111111111111111511115111111111111111111111111111111111111111111111111111111111111111111111111511111111111111111111111112222222225555555555555552222222222222222222222222222222222222222222222222252222222222222222222222222222225222222222222222222222225333333333333333333333333333333
111551111111111111111111111111111111111111111111111111511151111111111111111111511111111111111111111111111111111111111111111111111111111111112222222225555555555555552522222222222222222222222222252222222222222222222222222222222522222222222222222222522222222222222222222222333333335333333333533333333333
111115111111111111111111111111111115111111111111111111111111151111111111111111111115111111115111111111111115111111111111115111111111111111112222222225555555555555552222222222222222225222222222222222222222252222522222222222222222222222222222222222222222222222222222222222333333333333333333333333333333
111111111111111511111111111511111111111111111111111111111111111111111111111111111111111111111111111111111111111111111111111111111111111111112222222225555555555555552222222222222222222222222222222222222222222222222222222222522222222222222222222222222222222222222222222222333333333333333333333333333533
151111111111111111111111111151111111111111111111111111111111111111111111111111111111111111111111111151111111111111111111111111111111111151112222222222222222222222222222222222222222222222222222222222222222222222222222222222522222222222222222222222522222222222222222222222333333333333333333333333333333
551111111151111111111151111111111111111111111111111111111111511111111111111111111111115111111111111115111111111111151115111111111111111111112222222222222222222222222222222222222222222252222222222222222225252222222222222222222222522222222222222222222222222222222222222222533333333333333333333333333333
111111111511111111111111111111111111111111111111111111111111111111115111111111111111111111111111111111111111111111111111111111111111151111112222222222222222222222222222222222222222222222222222222222222222222222222222222222222222222222222222222222225222222222222222222222333333333333333333333333333333
111111111111111111111111111111111111511111111111111111111111111111111111111111111111111111111111111111111111151111115111111111111111111111112222222222222222222522222222222222222222222222222222225222222222222222222222222222222222222222222222222222222222222222222522222222333353333333333333333333333333
111111111111111111151111111111111111511111111111111111511115111151111151111111111111111111111111111111111111111111111111111115111111111111112222222222222222225222222522222222222225252222222522222222222222222222222222222222222222222222222222222222222222222522222222222222333333333333333333333333333333
111111111111151111111111111111111111111111111111111111111111111111111111111111111111111115111511111111111511111111111111111111111111111111512222222222222222222222222222222222222222222252222222222222222222222222222222222222522222222222522222222222222522222222222222522222333333333333333533333333333353
111111111511111111111111111111111111111111111111111111111111111111111111111111111111111111111111115111111111111111111111111111111111111151112222222222222222222222222222222222222222222222222222222222222222222222222222222522222222222222222222222222222222222222222222222222333333333333333333353333333333
111111111111111111111111111111111111111111111111111111111111111111111111111111111511111111111111111111511115111111111111111111111111111111112222222222222222222222222222222222522222222222222222222222222222222222252222252222222222222222222222222225222222222222222222222222333333333333335333333333333333
111111111111111111111111111111111111111111111111111111111111111111111111111111111111511111111111111111111111111111111111111511111111111111112222222222222222222222222222225222222222222222222222222222222222222222222222522222222222222222222222222222222222222222222222222222333333333333333333333333333333
111111151111111115111111111111111111111111111111111115111111111111111111111111111111151111111111111111111111111115111111111111111111511111112222225222222222222222222222222222222222222222222222222222222222252222222222222222522222222222222222222222222222222222222252222222333333333333333333333333333333
111111111111111511111111111115111111111111111111111111111111111111111111111111111111111111511111111151111111111111111111111111111111111151112222225222222222225222222222222222222222222222222222222225222252222222222222222222222222222522222222252222222222222522222222222222335333333333333333333333333333
111111111111111111111111111111111111111111111111111111111111111111111111111111111111111111111111111111115115111111111111111111111111111111112222222222222222522222222222222222222222222252222222222222222222222222222222222222522222222222222222222222222222222222222222222222333333333333333333333333333333
111111111111111111111111111111111111111111111111111111111111111111111511111111111111111111111111111111111111111111111151111111111111111111112222225222222222222222522222222222222222222222222222222222225222222222522222222222222222222222222222222222222222222222222222222222333533333333333333333333333333
111111115111111511111551111111111111111111111111111111111111111111111111111111111111111111111111111111111111111151111111111111111111511111115222222222222222222225222222222222225222225222222222522252222222222222222222222222222252222222222222222222222222222222222222222222333333333333533333333333333333
111111111111111111111111111111111151111111111111111111111151111111111151111111111111111111115111111115111151111111111115111111111151155555552222222222522222222222222222222222222222222222222222222222222222222222222222222225222222222222222222222222222222222222222222222222333333333333333353333333333333
111111111111111111111111111111111111511111111111111115111111111111111111111111111515111111111111111111111511111111111111111151111111155555552225522222222222222222222222552252222252222222222222222222222222222222222222222222222222222222222252252222222222222222222222252522333333333333333333333333333333
111111111111111155111111151111111115111111511111111111111111111111111111111111111111111111111111111151111111111111111151111111111111155555552222222222222522225222222222222222222222222222522222222222222222252222222222225222222222222222222222222222222222222222222252522222353333333333333333335333333333
551111111111111111111111111111111111111111111111111111111111111151111111111111111111111111111111151111111111111111111111111111511111155555552222222222222222222222225222222222222222222222222222222222222222222222222222222222222222252222222222222222252222222252222222222222333333333333333333333335333333
111111111115111111111111111111111111111111111115111111111111111151111111115111111111111111111111111115111515111111111115111111111111155555552222222222222222522222222222522222222222222222222222222222222222222222222222222222222222222222222222222222222222222222222222222222333333333333353333333333333335
111111115111111111111111111111111111111111111515111115111111111111111111111111111511111111111111111111111111115115111111111511111111155555552222222252222222222222222222222222222222222222222225222222222222222222222222222222222222222222222222222222222522222222222222222222333333333333333333333333333333
111111111111111111111511111111111111111111115111115111111111111111511111111111111111111111511111111111111111111111111111111111111111155555552222222222222222222222222222222222222222222222222222222222222222222222222222222222225222222222222222222222222222222222222222222222333333333333333333333335333333
111111111511111111111111111111111111111511115111115111111111111111111111111111111111511111111111111111111115111111151111111111111111155555552252222222222525222222222222222222522222222222222222222222222225222222222222222222222222222222222222252222222222222222522222222222333333333333333333333333333333
111111111111111111511511111111111111111111111111111111111111111111111511111111111111111111111111111151111111111111111111111111111111111111112222222222222222222222222222222222222222222222525222225222252222225252222222222222222222222222222225222222222222222222222222222222333333333333333333333333333333
111111111111111111511111111111111111111111111111111111111111111111111111111111111111111111111151111111111111111111115111111111111111111111112222222222222222222222222222222222222222252222222222222222225222522222222222222222222222222222222222222222222222222222522222222222333333333333333333333333333353
115111111111111111111111111111115111111111111111111111111111111111111111111111111111111111111511111111111111111111151151111111111111511115112222222222222225222222222222225222522222522222222222222222522222222222222222222222222222222225252222222222222222222222222222522222333333333333333333333333333333
111111111111511111111111111511111111111111111111111111111111115111111111111111111111111111111115111111111111111115111111111111111115511511112222222222222222222222522222222222225222222222222222222222222222222222222222522222222222252222222222222222222222222222222222222222333333333333333333333333333335
111111111115111111111151111111111111111111151111151151111111151111111111111111111111111111111111111111111111111111111111111111111111111111112222222222552222222222222222222225222222222222252222222222222222222222225222222222222222222222222222222222222222222222222222225222553333333333333333333333333333
111111111111111111111111115115111111111111111111111511111111111155111111111111111151111111111111111111111111111111111111111111111111111115112222222222222222222222225222222222222222222222222222222222222222222222222222222222222222222222222225222222222222222222525222222222333333333333333353333333333333
111111111115111111111111111111111151111111111111111511111111111155111111111151111111111111111111111111111111111111111111151111111111111111112222222222222222222222222222225222522222222222222222222222222222525222222222252222222222222222222222222222222222222222225252222222333333335533333353333333333333
111111111111111111111111111111111111111111111111111111111111151155111111111111111151511111111111111111111111111111111111111111111511511111112222222222222222522222222252222222222222222222252222222222222222222252222222222222222222222222222222222222222222222222222222222222333333353333333333333533333353
111111111111111111111111111111111111111111111111111151111111111155111511111111111111111111111115111111111111111111111111111111111111111111112222222222522222222222222222222222522222222222222222222222222222222225222222222222522222222222222222222222222222222222222222252222333333333333333333333333333333
111111111111111111111111111111111511111111111111111111111111511155111111111111111511111111111111111111111111111151111111111111111111111111112222222222222222222222222222222222222222222222222222222222222222222222222222222222222222222222222222222222222222222222222222222222333333333333333333333333333333
111111111111111111111111111111115111111151111111111111111111111155111111111111111111111111111111111111111111111111111111111111111151111111112222222222222222222222222252222222252222222222222222222222222222522222222222222222222222222222222222222222252222222222222222225222333333333333333333333333333335
111111111111111511111111111111111111111111111111111111111111111155111111151111111111111115111111511111151111111111111111151111115111151155555555552222222222222222222222222222222222222222222225222222225222222522222222252222222222222222522222222222222222222222222222222222333333333333333333333333533333
111115111111111511111111111111111111111111115111111151111111111155111111111111115111111111111511111111111111115111111111111111115111111155555555552222222222222222222222522222225222222222222222222222222222222222222222222222222222222225222222222222222222222222222222222222333333333333333333333333333333
111111111511111111111511111111111111511111111111111111111111111155111111111111111111111111111111111111111115111111111111111111111111111155555555555222252222222222222222225222222222222222222222225222222222222222222222222252222222222222222222222222222222222222225222222222333333333333333335333333333333
111111111111111111111111111111511111111111111111115111111511111155111111111111151111111111111111111111111111111111151111111111111111111155555555552222222222222222222222222222222222222225222222222222222222522222222222222222222222222225222222222222222222522222225222222222333333333333333333333333333333
111111115111111111111111111115111111111111111111111111511111111155111111111111111111111111111111111111111111111111111111111111111111111155555555552222222222222222222522222222222222252222222222222222222222222222222222222222222222222222222522222222222222222222222222222222333333333335333333333333333333
111111111111111111111511111111111111111111111111111111111111111111111111111111111111111111111111111111111111111111111551111111111111111155555555552222222222222222225222222222222222222222222222222222222222222222222222222222222222222222222222222222225222222222222222222225333333333333333333533333333333
111111111111111111115111111111115111111111111151111111111511111111111151111111111111111111111111111511111111111111111111111111111115111111115252222222222225222222222222225222222222222222222222222252222222222222222222222252222222222222222222252222222222222222222222222222333533333533333333333335333333
111111111111111111111111111111111111111111111111111155111111111111111111111111115111111111115111151111111111111111151151511111111111111111112225222222222252222222222222222222222222222222225222222222222222222222222222222222222222222222222222225222222222222222222222222222333333333333333333333333333333
111111111111111111111511111151111111111111111111111155111111111111111111111111111111111111111111111111111111111111111111111111111111111111112222222222222222222222222222222222222222222222222222222222222222222222222522222222222222222222222222222222222222222222222222222222333333333333335333333333333353
111151151111111511111111115111111111111111111111511155111111111111111111111111111111511111111111111111111111111111111111111111111111111111112222222222222222222222222252222222222222222222222222222252222222222222222222222222222222222222222222222222222222222222222222222222333333333333333333333333333333
111111111111111111111111151111111111111111111111111155111111111111111111111111151511115111111151111111111115511511111111111111111151111111112222222222222252252222222222222222222222222222222222222222222222222222222222222222225252222222222522222222222222222222222222222222333333333333333333333333333333
111111111111111111111111111111111111111111111111111155111111111511111111111111111111111115111111111111111111111111111111111111111111111111112222222222222222222222222222222222222222222222222222222222222222222222222222222252222222222222222522222222222222522222222222222222333333333333333333333333333333
111111111111111111111111111111111111111111111111111155111111111111111111111111111111111115111115111111151151111111111111111115111111111111512222222222222222222225222252222222222222222222222222222222522222222222222222222222222222252252222222222222222522222222222222222222333333333333333333333333333333
111111111111111111111111111111111111111111111115111155511111111111115111111111111111111111511111111111111111111111111111111111111111111111112222222222222222222222222522222222222222222222222222222222222222222222222222222222222222222222522222222222222222222222222222225222333333333333333333333335333333
111111111111111111111111111111111111111111111111111155151111111111111111111111111111111111111111111111111111111111111111111111111111111111115222222222522222252222222222222222222222222222222222222222222222222222222222522222222222222222222222222222222222222222222222222222333333333333333333333333333333
111111111111111111111111111111151111111111111111111155111111111111111111111111111111111111111111111111111115111111111111111111111111115111112222252222222222222222222222222222222522225222222222222222222222222222222222222222222222222222222222222222222252222222222222222222333333333333333333333333333333
151115111111111115111111111111111111111111111111111155111111111111111111111111111111115111111151111111111111151111111111111111111111111111112222252222222222222222222252222222222222222222222222222222222222222222222222222222222222252222222222222222222222222222222222222225333333333333333333333333333333
111111111151111111111111111111111111111111111111111155111111111111111111111111111151111111111511111111111111111111151111111111111111111111112222222222222222222222222252252222222222222222222222222222222222222222222225522222222222222522222222222222222252222222222222222222333333333333333333533333333333
111111111115111111111111111111111115111111111111111155111111111111111111111111111111111111111111111111111111111111111151115111111111111111112222222222222222222222222222222222222222222222222222225222222222222222222225225222222222222222222222222222222222222222222222222222333333333333333333333333333333
111111111111111111111111111111111111111115111111111155111111111111111111111111111111111111111111111111115111111111111111111115111111111111112222222222222222225222222222222222222222222222255222222222222222252222222222222522222222222222222222222222222222222222222222222522333333333333353333333333333333
111111111111111111111111111111111111115111111111111111511111111111111111111111111111111111111111111111111111111111111111111111115111111111112222222252222222222222222522222222222222222222222222222222222222222222222222225222222222222222222222222222222222222222222222222222333333333333333333333333333333
111111111111111111111111111111111511111115151111111111115111111111111115111111111111111111111111111111111111111111111511111151111111111111112222222222222252222522222222222222222222222222222222222222222222222222222222522222222222222222222222222222222222222222222222222222353333333333333333333333333333
115111111111115111111111111111111111111115111111111111111111111111111111111111111111111111111111115111111111151111111111111111111111111111112222222222222222222222222222222222222222522222222222222225222225222222522222222222222222222222222222222222222222222222222222222222333333333333353333333333333333
111111111111111111111111111111111111111111111111111111111111511115111111111111111111111111111111111111111111115111111111111111111111111111115222252222222222222222222222225222222222222222222222222222522222222222222222222222222222222222222222222222222222222222222222222222333333333333333533333333333333
111111115111111111111111111511115111111111111111111111111111111111115111111111111111111111111111111111111111111111111111111111111111111111112222222222222222222222222222222222222222222222222222222222222222222222222222222222252222222222225222222222222222222222222222222222333333333333333333333333333333
222222222222222222222222222222222222222222222252252222222222222222222222222222222222222222222222252222222222222222222222222222222222222222222222222222222252222225222222222222222222222222222252222222222222225222222222222222222222222222222222222222222222222222222222222222333353533333333333333333333333
222222222552222222222222222222222222222222222222222225222222222252222222222222252222222222222222222222522222222222222222222222222222252222222222252222222522222252222222222222222222222222222222225222222222222222222222222222222222222222222222222222222222222222222222222222333333333333333353333333333333
222222522222252222252222222222222522225222222222222222222222222222222222225222222222252222222252222222222222222222222222222222222222222222222222222522222222225222222222222225522222222222222222222222222222222222522222222222222225222222222222225222222222522252225222225222333333333333333533333333333333
222222222222222222222222222522222222222222222222225222222222222222222222222222222222222222222222222222222222222222222225222222222222222252222222525222225222222222222222222222222222252222222222222222222222222222222222522222222222222222222225222222222222222222222222222222333333333333333333533333333333
222222222222222522222222222222222222222222222222222222222222222252522222222222222222222222222222222222222222252222222222222222222222222222222222222222222222222222222222222222222222222222222222222222522222222222222222222222222222222222222222222222222222222222222222222222533333333333333333533333333333
222222222222222222222222222222222222222222222222222222222222225222222222222222222222222222222222222222222222222222222222222222222222222522222222222222222222222222222222222222222222222222222222222222222222222222222222222222222222225222252222222225222222222222222222222222333353333333333333333333333533
222222222222222222222222222522222222222222225222225252252222222222222222222222222222222222222222222222222222222222222222222222222222222222222222222222222222222222222222222222222222222222252222222222222222252222222222222222222222222222222222222222522252222222222222222222333333333333333333333333333333
222522222222222222222222222522222222222522222222222222222222222222222252222222222222222222222222222222222222222222222222222222222222222222222222222222222222222222222222222225222222222222222222222222552222222222222222252222222222222222222222222222222222552222222222222222353333333333333333333333333333
222222222222222222222222222222225222222222222222222222222222222222222225222222222222222222222225222222222222222255222222252222222222222222222222222222222222222222225222222222222222222222222222222222222222222222222222222222252222222222522222222222222222222222222222222222353333333333333353333333333333
222222525222222222222222222222222222222222222222222222222222222222222222222222222522222222222222222522222222222222222522222222522222222222222222222222252522222222222222222222222222222222222222222222222222222222222222222222222222222222222222222222222222222222222252222222333333333333333333353333333333
222222222525222222222222222222222222225222222222222252222222222222222522222222222222222222222222222222225222222222522222225222222222222222222252222222222222522222222222225222222222222222222222222222225222222222222222222222222222222222222222222222222222222222222222222222333333333333333333353333333353
222222222222222222222222222222222222222222222222222222222222222222222222222222222222222222222222222222222222222222222222222222222222222222222222222222222222222222222222252222222222222552222222222222222222222222222222222222222222522222222522222222222222222222252222222222333333333333333333333333333335
222222222222222222222222222252225222222222222522222222222222222222522222222222222222222222252252222222222225222222222222222522222222222222222222222222222222222222222222222222522222222222225222225222222522222222222222222222222222222222222222225222222222222222222222222222333353333333335333333333333333
222222222222222222222222222222222222225222222222222222222222222222222222222222522222222222222222222222222252222222222222222252222252222225522222222222222222222225222222222222222222225222222252222222222222222222222522222222222222222222222222222222222222222222222222222222333333333333333553533333333333
222222252222222222222222222222222222222222252222225222222222222222222222222222222222222222222222222222222222222222222222222222222222222222222222222222222222225222222522222222222222222222222222222222222222222222222222222222222222225222222222225222222222522222222222222222333333333335333333333333333333
222222222222222225222225222225222222222222222222222222222222222222222252222222222522222222222222222222522222222222222222222222222222225222222222222222222222222222222222222222222222222222222222222222222222222222552222222222222252222522222222225222222222222222522222222222333333333333333333333333333353
222222222222222222222222222522222222222222222225222222222222222222222222222222222222222222222222222252222222222222222222222222222222222225222222222222252222222222222222222222222222222222222222222222522222222222222222222222222222222225222222222222222222222222222222222222333333333333333333333333333333
225222222222222222222222222222222222222225222222222222222222222222222222222222222222222222222222222252222222222222522222222222222222252222222222222222222222222222222222225222225222222522222222522222222222222222222222252222222222222522222222222222222222222222222222222222333333333333333333333333333533
222222222222222222222222222222222222222222522222222222222222222222222552222222222222222222222222222222222222225222222222222222222222225222222222222222222252222222522222222222222222222252222222222222522222222222222222222222222222222222222222252222222222222222222222222222335333333333333333333333333533
222222222222222222222222222222222222222222222222222222222222222222252222222222222222222222222222222222222222222222222222222222222222222525222222222222222222222222222222222222222222222222222222222222222222222222222222222222222222222522222222222222222222222222222222222222333333333333333333333333333333
222222222222222222222222222222222222222252222222252222222252222225522222222222222222252252222222222222222222222222222222222222222222222222222222222222222222222222222222222222222225522252222222222222222222252222222222222222222222222522222222222222222222222222222222222222333333333333333333333333533335
222222222222222222222222222222222222222222222252222222222222222222222222222222225222222522222222222222222222222222222222222222222222222222222222222222222222222222222222222222222222222222222222225222222222222222222222222222222222222222222222222222222222222222222222222222533333333333333333333333333333
222252222222222222222222222225222222222222222222222522222222222222222252222222222252222222222225222222222222222222222222222222222225222225222222222222222222222222522225222222522222222222522222225222222222225222522222222222222252222222252222222222222222222222222222222222333333333333333333333333333533
222222222222222222222222222222222222222222222222222222222222225222222222222222222222222222222222222222225222222222222222255222225555555222222222225222222222225522522222222522222222222222222222222222222222252222222222222222222222222222222222222222222222222252222222222222333333333333533333333333333333
222222222222222222222222222222222222222252222222222222225222222222222222222222222522222222222522222222222222222222222222222222525555555222222222222222222222222222222222222222222222222252222222222222222222222222222222522222222222222222222222222222222222222222222222222222333333333333333333333333333333
222222222222222222222522222222222222222222222225225222222222222522222222222222222222222222222222222222222222222222222222222222225555555222222222222222222222222222222222222222255222222222222222222222222222222222222222222222222222222222522222222222222222222222222222222222353333333333333333353333333333
222222222222222222222222222222222222225255225222222222222222222222222222222222222222252222522222222222222225222222222222552222225555555222222222222222222222222222222222222222222522222222222222222222222225222222222222222222222222222252222222252222222222222222222222222222333333333353333333333333333333
222222222222222222222222222222222222222222222222522222222222222252222222252222222222222222222222222252222222222222222222222222225555555222222222222222222522222522222222222222222222222222222222222222222222222222222222222222222222255222222222222222222222222222222525252222333333333333333333333353333333
222222222222222222222222522225222222222222222222222222222222222222222222222222222222222222222222222222222252222222222222222222225555555222222222222222222222225222222222222222222222222222222222222222225222222222222222222222222222225252525222222222222252222222222222222222333333333333333333333333333333
252222222222222222222222222222222222222222222222222522222222222222222222222222225222222222222222222222222222222222222222222222225555555222222222222222222222222222222222222222222222222222222222222222222222222222222222222222222222222225222222222222222222222222222222222222333335333333333333333333333333
252222222222222222222222222225222222222222222222222222222222222222222222225222222222222222222522222222222222225222222222222222225555555222222222222222222222222222222222222222222222222222222222222222222222222222252222222522222222222222222222222222222222222222222252222222333333333333333333333333333533
222222225222222222222222222222252222222222222222222222222222222522222222222222222222222222522222222222222222222222222222222222225555555222222222222222522222222222222222222222222222222222222222222222222222252222222222222222222222222522222222222222222222222222252222222222333353333333333333333333353333
222222222222222222222252222222222222222222222222222222222222222222222222222252222222222222225222222222222222222222222222222222225555555222222222222222222222222222222222222222222222225222222222222222222222222222222222222222222222222222222222222222222222222222222252222222333333333333333333353333333333
222222222222225222222222222222225222222222222222555222225222222222222222222222222222222222222222222222222222222222222222222222225555555225222222222222222222222222222222222252222222252522222222222222252222222222222252222222222222222222222222522222222222222222222222225222333333333333333333333333333333
222222222222222225222222222222222222222222222222555222222222222222222522222222222222222222222222222222222222222222222222222222222522222222222225222222222222222222222222522222222222222222222222222222222222225222222222222222222222222222222222222222222222222222222252222222333333333533333333333333333333
222222222222225222222222222222222522222222222222555222222222222222222222222222222222222222222225222222222222252222225222222522222222222222222222222222222222222222222222222222222222225222255222222222222222222222222222222252222222222522222222222222222222222222222222222222333333333333333533333333333333
222222222222222222222225222222222222222222222222555222222222222222222222222222222222222222222222522222222222222522222222252222522222222222222222222222222225222222222222222222222222222522522222222222225222222222222222222222222222222222522252222222222222222222222222222222333333333335333333333333333333
222522222222222222222222252222222222222222222222555222222222222222222222222222222222222222222222222222222222222222222222222222222222252222222222222222222222222222222222222222222222222222252222222222222222222222222225222222222222222222222222252225222222222222222222222222333333333333535333333333535333
222222222222222222222222222222222222222222222222222222222225222222222222222222222222222222222222222222522222222222222222222222222222222222222222222222222225222222222222222222522222222222222222222222222222222222222222222222222222222222222222222222222222222222222222222222333333333333333333333333333333
222222222222222222222222222222222222222222222222222222222222222222222222222522252222222252222222222222255222222225222225222222522222252222222222222222222222222222222222222222222222252222222222222222252222222222222222222222222222222222222222222222222222222222222222222222333333333333333353333333333355
222222222222222222222222222522222222222222222222222522222222222222222222222222222252222222222222222222222222222225222222222522222522222522252222222222222222222222222222222222225252222222222222222222222222222222222222222522222252222222222222222222222222225222225222222222333333333533333333333333533333
222222222522222222222222222222222222222222222222222222222222222522222222222222222222222222222222222222222222222222222225222222222522222222222222222222222222222222222252222222222222225222225222222222222222222222222222222222252222225222222222222222225222222222222222222522333333333333333333333333333333
222222222222222222222222522222222222222222222222222222222222222222222222222222225222522222222252222222222222222222222222222222222222222222252222225222222222222222222222522222222222222222222222222252222222222222252222222222222222222522252222222222222222222222222222222222333333333333333333333333333333
222222222222222222222222222222222222522222222222222222222222222522225222222222222222222222222222222222222222222222222222222222222222225252222222222222222222222222222222222222222222225222222222222222222222225222222222222222222252222222222222222222222222222222222222222222333333333353335333333333333533
222222222222222222222222222222522222222222222222222222222222222222222222222222222222225222222222252222222222222222222222222222222222222222222222222222225222222225222222222222222222222222222222222222222222222222222222222222222222222522222222252222222222222222222225222222333333333333333333333333333333
222222222222222222222225222222222222222222222222222222222222222222222222222222222222222222222222222222222222222222222222222222222225222222222222222222252222222222222222222222252222222222222222522225222222222222222222222225222222225222222222222222222222222222222222222222533333333333333333333533333333
222222222222222222222222222222522222222222222222222222222222222222222222222222222222222222222225222222222222222222222222222222222222222222222222222522222222222222222222222222222222222222522222222222222222222222222222222222222222222222222222222222222222252222252222522222333333333333333333333333333333
222222222222222225222222222222222222252225222222222222222222222222222222222222222222225222222222222222222222222222522222222222222222222222222222252222222222222222222222522222222222252222222252222222222222222222222222222222222222222222222222222222222222222222222222222222353333353333333333353333333333
222225222222222222222225222222222222522252222222222222222222222222525222222222222222222222222222222222222222222222222222222222222222222225222222222222222222222222522222222222222222222222222222222222222222225222222222222222222222222222222222222222222222222222222222222225353333333333333333333333333333
222222222222522225222222222222222222222222222222222222222222222222222222222222225222222522222222222222222222222222222222222222222222225222222252222222222222222222222222222222222222222522222222222222222222222222222252222222222222222222222222222222222222222225222222222522333333333353333333333333353333
252222222222222222222222222222222222222222222222222222222222222252222222222525222222222222222222222222225222222222255222222222222222222222222222222222222222222222222222225222222222222222222222222222222255522222222522222522222222222222222222222222222222222222222222252222333353333333333333333333333333
222225222222222222222222222222222222222222222222222222222222222222222222222222222222222222222222222222222222222222222222222222222222222222222222522222222222222222222222222222222222222222222222222522222222222222222222222222225525222222222222222252222222222222222222222222333333333333335333333333333533
222222222222222222222222225222222222222222222222222222222222222222222222522222222222222222222222222222222222222252222222222222222222222252222222222222222222222252222222222522222522222522222222222225222222222222222222225222222222222222222222222222222222222222222222222222333333333333335333333333353333
222222222222222222222222222222222222222222222222222222252222252222222222222222222222222252222222222222222222222222222222222222225222222252222522222222222222222222222222222222222222222222222222222252222222222222222222222222222222222222222222222222222222222222222222222222333333333333333335333333333333
222222222222222222522222222222222222222222222222222222222222522222222222222222252222222222222222252222222222222222222222222522222252222222222222222222222222222222222522222222222222222222222222222222222222222222222222222222222222222225222222222222222222222222222222222222333333333333333333333333333333
222222222222222222222222222222222222222222222222222222222222222222222222222222222252222222222222222222222222222222222222222222222222522222222222222222222222222222222222222222222222222222222222222222222222222222222522225222222522222222222522222222222222222222222222225222333333353335333333333333333333
222222222222222222222222225222222222222222222222222222222222222222222222222225222222522222222222222222222222222222222222222252222222225222222222222222222222222222222222222222222222222222222222222222252222252222225222222222222222222222222222222222222222222222222522222222533333353333533333333333333333
222522222222222222222222222222222222222222222222252222222222222222222222225222222222222222222222222222222222222222222222222222222222222222222222222222222222222222222222222222222222222222222222222222222222222222222222222222222222252222222222222222222222222522222222222222333333333333333333333333333333
222222222222222222222222222222222252222222222222222225222222222222222222222222222225222222222222222222222252222222222222222222222222222222222222222222222222222222222222222222222222222222222222222222222222222222222222222222222222222222222222222222222225222222222222222222333333333333333333333333333333
222222522222222222222225222222222222525222222222222222222222222222222222225222225222222222222222222222222222222222222222222222225222222222222222222222222222222222222252222222222222222222222222222222222222222222222222225222222222222222222222222252225222222222222222222222333333333333333333533333333333
222222252222222222222222222222222222222222222222222222222522222222522252252222222222222222222222222522222222222222222222222222225222222222522225222222522252222522222522222222222222222222222222222222522222225222222222222222222522222222222222222222222222222222222222222222333333333333333353333333333333
222222222222222222222222522222522222222222222222222222222222222222222222222222222252222222222252222222225222225222222252222222222222222222222225222222222222222222222222222222222222222222225222222222222222222222222222222222222222222225252222222222222222222222222222222222333353333335333333333333333333
222222222522222222222222222222222222222222222222222222222222222222222225252252222222222222222252222222222222222252222222225222222222222222222222222222222222225222222222222222222222222222222222222222222222222222222222222225222222222222222222222222222222222255222522222222333333333333333333333333333333
222222222222222222222222222222222222222222222522222222225222222222222222222222222222222222222222222222222222222222222222222222225522222222222222222222222222222222222222222222252222222222222522222222252222222252222222222252222222222222222222222222222222222222222222222222333333333333333333533333353335
522222222222222222222222222222222222222222222222222222222222222222222222222222225222222222222222222222222222225222222222222222222222222222222222222222222255222222222222222222225222222222222222222222222222222222222222222222222222222225222222222222222222222222222252222222333333333333333333333333333333
222522222222222222222222222222222222222222225222222222222252222222222222222222222222222222225522222222222222222222222222222222222222252522222222222222222222522222222222222222222222222222225222222222222222222222225222222222222222222222222222222222222222222222222222222222333333333333333333533333333333
222222222222222222222222222222222222222222222222222222222222222222222222222222222222252225222222222222222222225222522222222222222222222222222222222222222222222222222222222222222222222225222222222222222222222222222225222222522222252222222222222222222222225222222222222222333335333333333333533333333333
222222222222222222222222222222222222222222222252222222222222222222222222222222222222222222222222222222522222222222222222222222222222222225222222222222222522222222222222222222222222222222222222222222222222222222222222222222222222222222222222222222222222225222222222222222333333333333333333333333333333
552222222222252522222222222222222222222222222222222222222222225222222222522222222222222222222222222552222522222222222222222222222222222222222222222222222222222522222222222252222222222222222222222222222222222222222222222252222222222225222222222222222222222222222222222222333333333333333333333333335333
222222222222222222222252222222222252222222222222222222222222222222222222222222222222222222522222222222222222222222222222222222222222222222222222222222222222222222222222222222222222222222222222222222222222222222222522222225222222222222222222225222552222222222222222222222333333333333333333333333333333
222222222222222222222222222222222222222222222225222222222222222222222222222222222222222222222222222222222522222222222222222222222222222222222222222252222522522222222222222222222225222222222222222222252222222222222222222222222222222222222222222222222222222222222222222222333333333333333335333333333333
222222222222222222222222222222222222222252225222222222222222222222222222222222222222222222222222222222222222222222222222252222222225222222222222222222222222522222222222222222222222222222222222222222222222222222222222222222222222222522222252222252222222222222222222222222333333333333333333333333333333
252222222222222222222222222222222252225222522222222222222222222222222222222222222222522522222222222222222222222222222222222222222222222222222222222222522222222222252222222222222222222222222222222222222222222222222222222222222222222222222222222222222222222252225222222222333333333333335333533333333333
252222222222222222222222222222222222222222222222222222225222222222222222222222222222222222222222252222222222222222222222222222222522222222222222222222222222222222222225222222222222222222222222222222222222222225222222252222222222222222222222222222222222222222222222222222333333333333333333353333333333
222222222222222222222225222222222222222522222222225222222222222522222222222222222222222222222222222222222222222222252222222222222222222222222222222222222225222252222222222222225222222222222222222222222222222252222222222222222222222222222222222222222222222222222222222222333333333333333333333333333333
222522222222222222222222222252222222252222222222252225222222222222222222252222222222222252222222222222222222222222222222222222222222222222252222222222222222522222222222222222222222522222222222222222222222222222222522222222222222222222222222222225252222222222222222222222333333333333333333333333333333
222222222222222222225522222222222222225222222222225222222222222222222222222222222222222222222222222222222222222222222222222222225225552222222222222222225222222222222222222222222222222252222222222252222222222222222222222222222222222222222222222222222222222225222222222222333333333333333333333333333333
222222225222252222222222222222222222222222222222222222222222222222225222222222222222222222222222222222222222222222222222222222222222222252222222222222222222522222222222222222222222222222222222222222222222222222222222222222222222222222222222222222222222222222252222222222333333333333333333333333333333
222222222222222222222522222222222255555555552222252222222222222222222222222222222222222222225222225222222225222222222222222222222222222222222222222222222225222225222222222222222222222222222222222222222222225222222222222222222252222222222222222225222222252222222522222522335333333333333333333333333333
222222222222252222222222222222222255555555552222222222222222252222222222252222222222222222222222222222222222222222222222222222222222222222222222222222222222222222222222222222222222222222222222222222222222222222222222222222222222222222222222222222222222222222222222522222333335333333333333333333333333
222222222222222222222222222222252255555555552222222222222225222222222222222222222222222222222522522222222222222222222222222222222522222222222222222222222222222222222222225222222222222222222222222222222222252222222222222225222222222222222522222222222222222522522222222222333333333333333333333333333355
222222222222222222222222222222222222222222222222222222222225222522222222222222222222222222222222522222222222222222222222222222222222522222222222222222222222222222222222222222222222222222222222222222222225222222222222222222222222222222222222222222222222222222222222222222333333333333333353333333333333
222222222222222225222522222222222222222222222222222252252252222252222222222222222222222522222222522222222222222222222222522222222222222222222222225222222222222222222222222222222222222222222222222222222222222222222222222222222252222222222225222222222222222222222222522222333333333333333333533333333333
222222222222222222222222222222222222222222222222222222222222222222222222222222222222222222222225222222222222222222222222222222222225222222222222222222222222222222222222222222222222222522222222222222225222222222222222222222222222222252222222222222222222222222222222222222333533333333333333333333333333
222222222222222522222222252222222222222222222222222222222222222222222222222222222222252222222222222222222222222222222222222222222222222222222222222222222522222222222222222222222252225522222225222222222222222222525522222222222222222222222222522222222222252222222222222222333333333333333333333333333333
222222222222222222222252222222222222222222522222552222222222222222222222222222222222252222222222222222252222222222222222222222222222222225222222222222222222222222222225222222222222222222222222222222252222222222222222222222222222222222522222225222222222222222222222222222333333333333333333333333333333
252222225222222522222222225222222222222222222222225222222222222222222222222525222222222222222222222222222522222222222225222222222222522222222222222222222222222222222222222222222222222222222222222222222222252222225222222222522222222222222222222222222222222222222222222222333333333333333333333333333333
222522222222222222222222222222222222225222222222222222222222222222222222222222222222222222222222222222252222222222222222222222522222252222222222222222222222222222222222222222222222222252222222222222222522222222222222222222222222222222222222222222522222222222225222222222333333353333333333333333335333
522222222222222222222522222222222222222225222222222222222222222222522222522222222222222222222522222222222222222225222222222222222222222252225222222222222222222222222222222222222222222222222225222222222222225225222222222222222222222222222222222222222222222222222225222222333333333333333333333333333333
222225222222222222222222222222222225222222222222222222222222222222222222222222252222222222222222222222222222222222522222222222222222222222222222222222222222222222222222222222222222222222222222222222222222222222222222222222222222222222222222222222222222225222222222222222333333333333335533333335333353
222222222222222222222222222222222252222222252222222222222222222222222222222222222222222222222222222522222222222222222222222222222222222222222222222222222222222222222222222222222252222222222222222222222222222222225222222222222222222222225222222222222222222225222222222222333333333333333353333333333333
222222222222222222252222222222222222222222222222222222252222222222222222222222255522252222222522222222222222222222222222222222222222222522222222222222222222222222222222222222222222222222222222222222225222222222222222222222222222222222222222222222222222222222222222222222333333333333335333333333333333
222222222222222222222222222222222222222222222225222222222222222222222222222222255522222222222222222222222222252222222222222222222222222222222225222222222222222222222222222222222222222222222222222222222222222222222222222222222222222222222225222222222222222222252222222222333333353333333333333333333333
222222222222222222222222222222222222222222222225222522222222222222222222222222255522222522222222222222522222252222222222222222222222222222222222222252222222222222222222222222222222222222222222222222222222222222222222222222222222522222222222225222222222222222222222222222333333333333333333333333333333
222222222222222222222222222222222222222222222222222222222222222222222222222222255522222222222222222222222252222222222222222222222222222222222222222222222222222222222222222222222222222222222222225222222222222222222222522222222222222222222222222222222222222222222222222222333333353333333333333353333333
222222222222255222222222222222222222222222222222222222222222222222222222222222222222222222222222222222225222222222222222222222222222222222222222222222222222222222222222222222222222222222222222222222222222222222222222222225222222222222222222222222222222222222222222222222333333333533333333333333333353
222222222222222222222222522222222222222222222222222222252222222222222222222222222222222222222222222222222522222222222222222252222222225222222222222222222222222222222222222222222222222222222222222222222222222222222222222252222222222222222222222222252222222222222222222222333333333333333333333333333333
222222222522222222222222222222222222222222222222222222222222222222222222222252222225252522222222222222222222222522222222222222225222222222222222222222222222222222222222222222222222222222222222222222222252222222222222222252222222222225225222222222222222222222222222222222333333333333333333333333333333
222222222222222222222222222222225222222222222222222222222222222222222222222222222222222222222252222222222222222222225222222222222222222222222222222222222222222222222222222222222222222222252222222222222222222252222222222252222222222222222222222222222222222222222222222222333333333333533333333333333333
222222222222222222222222252222522222222222252222222222222222222222222222222222222222222522222222222222222222222222252222222222222222222222222222222222522222222225222222222222522525522222222222222222222222222222222522222252222222222222222222522222222222222522222222222222333333333333333333333333333353
252222222222222222222222222222222222222222222222222222222222222222222222222222222222222222222222522222222252222222222222222222225222222222222222222222222222222222222222222225222222222222222252222222222222252222222222222222222222222222222222222222222222222222222222225222333333333333333333333333333333
225222222222222222222222222225222222222222522222222222222222222222222222222222222222252222222222252222222552222222222222222222222222222222222225222222222222252222522222222222222222222225522222222222222522222222222222222222222222222252222222222555555222222252222222252222333333333333333333333353333333
222522222222222222225222222222222222222222222222222222222222222222222522222222252222222222222255222222222222222222222222222222222222222222222222222222222225252222222252522222222222222222222222222222222222222222222222222225222222222222222222222555555222222222222252222222333333353333333333333353333333
222222222222222222222522222222222222222222222222222222222222222222222222222222222222222222222222222222222222222222222222222222222225222222222222222222222222222222222222222222222222222222222222222222222222222222222225222222222252222222222222222555555222222222222222222222333333335333333333333333533333
222222222222222222252225222222222222222222222222222222222222222222222252222222252222222222222222222222222222222222222222522222222222222222222222222222222222222225222222222522222222222222222222222222222222222222222222222222222222222222225222252555555222222222222522222222333333333333333333333333333333
222222222222222222222222222222222222222222222222222522222222222222222222222222222222222222222222222222222222222222222225225222222222222222222222222222222222222222222222222222222222222222225522222222222222222222222225222222222222222222222222222555555222222222222222552222333333333333333333333333333333
522222222222222522222222222522222222222222222222222222222222222222222222222222222222222252222522222252222222222225222222222222222222222222222222222222222222222222222222225222222222222222222222222222222222222222222222222222222222222222222222225555555222222222222222222222333333335333333333333333333333
222222522222222222222222222222222222222222222225252522522222222222222222222222222222222222222222222222222222222222222222222222222522222252222222222222222252222222222222222252222222222222222222222222222225222222225222222222222222222222222222222555555222222222222222222222333333333333333333333353333333
222222222222225222222222522222222222222222522222222222222222222222522222222222222222222222222222222222222222222222222522222222222222222222222222522222222222222222222222222222222222225222222222222222222222222222222222222222222222225222222222222555555222255222222222222222355333333333333333333333333333
222222222222252252222222222222222222222252522222222222222222222222222522522522222222222225222522222222222222222222222222222225222222222522222222222222222222522222222222222225222222222222222222222222225222222222222222222222222222222222222222222555555222222222222222222222333333333333333533333333333333
222222222222222222222222222222222222222222222222222222222222252222222252222222522222222222222222222222222222222222222222222222222222222252222222222222222222225222222222222252222222222222222222222222222222222222222222222222252222222225222222222555555222225222222222222222333333333333333333333333333333
222222222222222222222222222522222222222222222222222225222222222222222222222222222222222522222222222222222222222522222222222222222222222222222222222222222222222222222222222222222222222222222222222222222222222222222222222222222222222225222222222222222222222222222222222225333333333335333333333333333333
222222222222222555255222222222222252222222222222222222222222522222222222222222222222222225222222222222222222522222222222222222222222222222222222222222222222222222222222222222222222222522222225222222222225222222225222222222522222222222222522222222222222222222222222252222333333333333333335333333333333
222222222222222222222222222222222222222222252222222222522222222222222222222252222222222222222222222222222222222222222222222222222222222222222222222222222222222222222222222222222222222222222222222222222222222222252252522222222222222222222222222222222222222225222222222222333333333335333333333333333333
222222222222222222222222222222222222222222222222222222222222222222222222522222222222222222222522222222222222222225222222252222222222222222222222222222252222222222252222222222222222222222222222222222222222222522222222222252222222222222222222222222222222222222222222222222333333333333333333533333333333
225222222222222222222222222222222222522222222222222222222222222222222252222222222222522222222222252222222222222222222252222222222222222222222222222222222222222252222252225222222222222222222222222222222222222222222222222222222222222222222222222222222222222522222222222222333333333333333333333333333333
222222222222222222222222222222222222222222222222222222222222222222222222222222222222222222222222222222222222222222222252222222222222222222222222222222222222222222222222222222522222222222222222222222225222222222522222522222222222222222222222222222252222222222222222222252333333333333333333333333333333
252222222252222222222222222522222222222225222222222222222222222222222222222222222222222222522222222222222222222222222222252222222222222222222222222222222222222222222222222222222222222222222225222222222222222222222222222252222222222222222222222222222222222222222222222222333333333333333333353333353333
222222522222222225222222252222222222222222222222222222222222222222222222222222222222222222222222225222222222222222222222222222252222222222222222222222222222222222222222222222222222252222222222252222222222222252222552222222222222222222222222222222222222222222222225222222333333333333333533333333335333
222222225222222222222222222222222222222222222222222222222222525222222222222222222222222222222222222222222222222222222222222222222225222222222222222222522225225222222222222222222222222222252222222252222222222222222222222522222222225225222222222222222222222222222222222222333333333333333333333333333335
222222225222222222222222222222222222222522222222222522222222222222222222222522222252222222222222222222222222222222222222222222222222222222222222222222222222222222222222222222522222522222222222222222222222222222222222222222222222222222222222222222222222222222222222222222333333533333333333333533333335
222222222222222222222222222222222252222222222222222222222222222222222222222222222222222222222222222222222222222222222222222222222222225222225222222222222222222222522222222222222222222222222222222222222522222222222222222222222222222222222222222222222222222222222222222222333333333333333333333333333333
222222222222222522225222222222222222222222222225222222252222222222222252222222222222222222222222222222222222252222222222522222222222222222222222222252222222222222222225255222222222222222222222222222222222222225222252252222222222222522222222222222222222522222222222222222333333335333333333333333333333
222222225222222222222222222252222222222222222222222222252222222222222525222222222222222222222522222222222522222222222222222222222222222222222222222222222222222222222222252222222222222222222222222222222222222252222222222222222222252222222222222222222222225222222222222222333333333333333333333353333333
222225222222222222222222222222222222222222222222222222222222222222222222222225522222222222222222222222222222222222522222222222222222222252222222222222222222522222222222222222252222222222222522222222222225522222222222222222222222222222222222222222222222222222222222222222333353333333333333333333333333
225252222222222222522222222222222222222222222222222222222222222222222222222222222222222222222222222252222222222222222222222222222222222252252222222222222222222222222222222222255222225222252222222222222222222222222222222222222222222222225222222222222222222222222222222222335333333333333333335333335333
222222222222222222222222222222222222222222222222222222222222222222222252222222222222222522222222222222222222222222222222222222222222222222222222222222222222222222222222222222222222225222222222222225222522222222222222222222222222222222222222222252222222222222222222522222333333333333333333333333333333
222222222222222222222222222222225222222522222522222222222222222222252222222252222222222222222222222222222222222222222222522222222222222222222222222225222222222222222222222222222222222222222222222222222222222222222222222222222222222222222222222222222222222222222222222222333333333333333333333333333333
222222222222222222222222252222222222222222222222222222222222222222222222225222222222222222222222222222222222222225222222222222222222252222222222222222222222222222222222222222222222222222222222222222222222222222222222222222222222222252222222222222222222222222222222222222333533333333333335353333333333
222222222222222222222222222222222522225222222225222225222222222222222222222222222222222522222222222222222222222222222222222222222222222222222252222222222222222252222222222222222222222222222222222222222222222222222222222222222225222222222222222222222222222222222222222222333333333333333333333333333333
333333333333333333353333333333333333333333333333333333335333333333333333333333335333333333333333333333533333333333333333335333333333333333333333353333333333333333333333333333333333333333333333333333333333333333333333333333333333333333333333333333333335333333333333333333333333333333353333353333333333
333333333333333333333333333333333333333533333333333333333333333333333333333333333335333333333333333335333333333333333333333333333333333333333333333333333333333533333333333333333333333333333333335533353333333333333333333333333333333333333333333333333333333333333333333333333333333333333333333333335333
333333333335335333333333333533533333335333333333333333333333333533333333333333333333333333333333333333333333333333333333333333333333333335333333333333533333333333333333353333333333333333333333333333333333333333353333333333333333533333333333333333333333333333335333333333333333333333333333333333333333
533333333333333333333333333333333333333333333333333333333333333333333333333333353333333333333333333333333333333333333535333333353333333333333333333333333333333333333333333333333333333333533333333333333333533335333333333333333333333333333333333333333333333333333333333333333333333353355335333333333333
333533333333333333333333333333333333333333333333333333333333333333333333333335333333333333333333333333333333333333333333333333333333333333333333333333333333333533333335335533333333333333333333333333333333333333333333333333333333333333333333333333333333333333333333353333333333333333333333333333333333
333333333333333333333333333333333333333333333333333353333333333333333333333333333333333333333333333333333333333333333333333333333535333333333333333333333333333333333333333333333353333333333333333333333333333333333333333333333333335333333333333333333353333353333333533333333533333333333333333333333333
333333333333333333333333333333333333353333333535333333333333333333333333333333333333333333333333353333333333333533333333333333333333533333333333333333333333333333333533333333333333333333333333333333333333333333333333333533333333333333333333333333333333333333333333333333333333333333333353333333333333
333333333333333333533333333333333333333333333335533333333333335333333333333333333333333333333333333333333333333333333333333333333333333333333333333333333333333533335333333333333333333333353333333333333333333333333335333333335333333333333333333333333335333533333333333333333333333335333333333333533333
333333353533333333353333333333333333333333333333333333333333333333333333333333333333333333333333333335333333333333333333335333333333333333333333333333533353333333333333333333333333333333353533333333333333333333333333333333333333333333333333333333333353333333333333333333333333333333333333533335333333
333333333333333333333333333333333333533333333333333333333333333333333333333335335333333333333333333333333333333333333333333333333333333333333333335333353333333333333333333533533333333333333333333333333333333333333333335333333333333333333533333333333333333333333333333333333333333333333333333333333333
333333333333333335333333333533333333333333333333333333335333333333333353333353333333333333333333333333333333333333333333333353333333333533333333533333333333333333333333333333333333353333333333333333353333533333333333333333333333333335333333333333333333333333333333333333333333333333333333333333333533
353333333333333333333335333333333353333333333335533333533333333333333333333333333333333333333333333333353333333333333333333333333333333333333353333333333333333333335333333333333333333333333333333333333333333333333333333333333333333333333333333333333333333333333333333333333333333333333333333333333333
333333333333333353333333333333333333335555555333333333333333333333333335333533333353333333333333333333333333533333333353353333333333333333333333333333333355333333333533333333333333333333333333333333333333333333333333333333333333333333333333333333533333333333333333333333333333333333333333333333333333
535333353333333333333333333333333333335555555333333333333333335333335333333333333335333333333353333333333333333333335333333333333333333333333353333333533355333333333333333333333333333333333333333333333333333333333333333333333333333333333333333333333333333333333333333333333333333333353333333333333333
333333333333353333333333333333335333335555555333333333333333333353353333333333335333333333333333333333333333353333333333333333333333333333333333333333333355333333333333353333333353333333333333333333333353333333535333333333333333333333333333333333333353533333333333353333333333333333333333333333333353
333333333335333333333333333333333333335555555333333333333333333333333333333333333333333333333333333333333333333333333333333333333333333333333333333333333355333333333333333333333333333333333333333333333333333333333333333333333333333333333333333333333333333333333333333333533333353333333333333333333333
333333333333333333353333333333335333335555555333333333333333333333333333333333333333333333533333333533333333333333333333333333333333333333333333335333333355333333333533333333333333333333333333333333333333533333333333333333333333333533333333333333333333333333333533333333333333333333333333333333333533
333333333333333333333333333333333333335555555333333333333333333333333353335335333333333333333333333333333333333333533333333333333353333333333333333333333355333333333333333333333333333333333333333333333333333333333333333333333333333533333333333333333333333353333353333333333333533333333333333353333333
333333333333333333333333333333333333335555555333333333333333333333333333333333333335335333333333333333333333333333333333333335333333333333353353333333333355333333333333533533333333333333333333533333333333333333333333333333333333333333333333333333333333333333333333333333333333335333333333333333333333
333333333333333333333333333333333333335555555333333333333333333333333333333333333333333333333333333353333353335333333333333333333333333333333333333333335355333333333333353333333335335333333333333333333333333333333533333333333333333335333333333353333333333333333333333333335333333333333333353333333333
333333333333333333333333333333333333355555555333333333333333333333333333353333333533333333333333333333333333333353333333333333333333333333333333333333333355333333333333333333333333333333333333333333333333333353333333333333333335333333333333333333333333333333333353333333333333333335333333353333333333
333333333533333333333333333333333333355555555333335333333333333333333333335353333333333333333333333333333333333333333533333333333333333333333333333333333355353335335333333533333333333333333333333333333353333335333333333353333333333333333333333335333333333333333333333333333335333333333335333333333333
335333333333333533333333333333333335355555555333353333333333533333333333333333333333333333333333333333333333333353333333333333333333333333333333333333333355333333333333333333333333333333333333333333333333333333333333333333333333333333333333333333333333333333333333333333333333333333335333333333333335
333333333333333333333333333533333353335555555333333333333333333333333333335333335333333333333333333333333333333333333333333333333333333333333533333333333355333533333333333333333333333353335333333333333333333333533333333333333335333333353333333333333333333335333333333333333333333333333333333333333333
333533333333333333333333333333333333335555555333333333333333353333333333333333333333333333333333333333333333333333333333333533333333335333333333333333333333333333333333333333333333333335333333333333333333333333333333333333333333333333333333333333333333333353333333333333333333333333333353333333333333
333533333333333333333533333335333333335555555333333333333335333333333333333333333333333333333333333333333333333333333333333333333333333333333333333333335335333335533333333333333333333333333333333333353333333333333333333333333333533333333333333333333333333333333353333333333333333333333333353333333333
333333333333333333333333333333333333335555555333333333333333353333333333333333333333333533355555555553333333333333333333333333333533333333333333333333333333333333333333333333333333333333353333333333333333333333333333333335333533333333333333333333333333333333333333333333333333333333333333333333333333
333333333353333333333333333333333333335555555333333335533333333333333333333333333333333333355555555553333333335335333333333333333333333333333333333333333333333333333333333333335335333333333333333333333333333333333533533333333333333333333333333333333333333333333333333333333333333333333335333333353333
333333333333333353333353333333333333335555555333333333333333333333335333333333333333333333333333333535333333333333333333333333333333333335333335333333333333333333333333333333333333333333333333333333333333333333333333333333333333333333335333333333333333333333333353333333333333333333333333333333333333
333333333333533533333333333333333333333333333333353333353333333333333333333333333533333333333333333333333333333333333333333333353333333333333333333333333333333333333333333333333533333333333335333353333333333533333333333333333333333333333333333333333335333333333333333333333333333333333333333333333333
